1127
1127
1127
1127
1128
1128
1128
1128
1164
1164
1163
1163
1163
1030
1030
1168
1168
1168
1168
1168
1167
1167
1166
1166
1166
652
652
652
651
651
671
671
671
671
672
672
672
672
672
673
673
674
674
674
417
417
417
744
744
746
746
746
745
745
745
745
1208
1208
1208
1314
1314
1239
1239
1340
1340
1340
1340
1340
1340
1340
1132
1132
1088
1088
1088
1014
1014
1344
1344
1304
1304
1304
1303
1303
225
225
280
280
279
279
279
279
278
278
277
277
276
276
276
275
275
274
274
274
274
274
273
273
383
383
382
382
382
382
382
380
380
380
380
380
380
381
381
381
378
378
378
471
471
471
793
793
385
385
385
191
191
192
192
192
192
192
192
192
192
190
190
190
187
187
188
188
188
125
125
125
186
186
186
186
186
828
828
555
555
503
503
499
499
499
499
499
498
498
501
501
501
501
500
500
500
500
500
500
580
580
580
315
315
583
583
1332
1332
584
584
584
584
584
584
584
662
662
663
663
12
12
8
8
8
8
8
7
7
9
9
1214
1214
1360
1360
1217
1217
1218
1218
1218
1218
1218
1336
1336
1251
1251
1251
1251
1294
1294
1294
1293
1293
1293
497
497
497
497
497
1079
1079
1138
1138
1296
1296
1296
1296
1296
60
60
60
60
61
61
61
62
62
64
64
64
64
65
65
65
65
68
68
68
68
1012
1012
1009
1009
1010
1010
1189
1189
1039
1039
1039
1037
1037
1038
1038
1038
703
703
703
702
702
702
702
702
702
698
698
699
699
699
699
699
699
771
771
515
515
515
515
515
515
515
1374
1374
1373
1373
1375
1375
875
875
875
875
875
875
876
876
876
167
167
1116
1116
784
784
784
795
795
795
795
795
514
514
514
514
514
514
514
782
782
633
633
571
571
1169
1169
641
641
1316
1316
1316
627
627
626
626
626
626
628
628
629
629
629
343
343
442
442
442
1145
1145
1145
163
163
741
741
741
741
1378
1378
1378
1378
1378
1378
1378
1378
1378
1378
1378
162
162
1213
1213
1381
1381
1381
1381
1106
1106
1212
1212
1212
1212
527
527
527
527
527
558
558
558
269
269
267
267
267
267
267
264
264
265
265
265
265
270
270
270
271
271
271
38
38
38
36
36
35
35
89
89
89
89
87
87
87
87
87
88
88
88
88
41
41
40
40
40
1272
1272
1272
1271
1271
1271
1276
1276
123
123
919
919
484
484
484
484
484
158
158
1390
1390
1390
1390
1390
1390
152
152
153
153
153
151
151
151
578
578
156
156
157
157
157
157
154
154
154
155
155
1207
1207
825
825
825
1286
1286
1392
1392
845
845
845
845
1077
1077
1383
1383
1383
1076
1076
1011
1011
1011
1011
1111
1111
1069
1069
1162
1162
952
952
1160
1160
1158
1158
1113
1113
1113
1113
1113
1113
1113
656
656
656
656
656
656
658
658
657
657
754
754
655
655
659
659
659
659
720
720
413
413
413
413
410
410
412
412
411
411
416
416
415
415
415
415
415
415
870
870
1072
1072
1072
399
399
400
400
400
401
401
395
395
396
396
397
397
402
402
402
403
403
1319
1319
393
393
393
91
91
91
91
608
608
609
609
388
388
387
387
390
390
389
389
392
392
391
391
391
391
391
391
462
462
462
463
463
463
463
464
464
464
465
465
465
466
466
468
468
468
468
468
468
468
468
473
473
1318
1318
196
196
195
195
198
198
197
197
197
197
200
200
200
200
200
199
199
199
199
202
202
201
201
201
204
204
1254
1254
1254
319
319
319
319
320
320
1357
1357
1357
794
794
511
511
511
511
510
510
508
508
508
508
509
509
509
509
509
509
509
509
509
509
504
504
504
504
550
550
550
550
470
470
470
470
470
549
549
1125
1125
1309
1309
18
18
14
14
14
14
13
13
13
1222
1222
1222
1224
1224
1093
1093
1093
1093
647
647
647
647
625
625
625
1306
1306
1262
1262
492
492
492
193
193
193
193
193
193
193
493
493
194
194
194
194
194
70
70
71
71
71
117
117
118
118
75
75
1004
1004
1004
1004
1004
74
74
114
114
114
77
77
76
76
76
76
76
116
116
115
115
1210
1210
1005
1005
1258
1258
1006
1006
1259
1259
1259
1260
1260
1260
1243
1243
833
833
833
834
834
491
491
1142
1142
1142
1142
1142
1265
1265
1265
800
800
800
799
799
799
799
799
799
799
798
798
1119
1119
803
803
803
803
803
802
802
639
639
634
634
634
634
355
355
355
355
355
355
354
354
356
356
351
351
350
350
353
353
352
352
352
352
352
352
352
436
436
436
436
1264
1264
1264
434
434
434
434
434
821
821
821
485
485
485
485
1151
1151
1151
1150
1150
1184
1184
489
489
489
489
489
531
531
531
536
536
263
263
263
263
263
263
262
262
224
224
224
224
228
228
229
229
229
258
258
258
261
261
261
261
261
261
261
261
579
579
358
358
360
360
361
361
361
363
363
363
736
736
736
367
367
733
733
730
730
730
731
731
212
212
212
212
212
212
213
213
213
79
79
80
80
83
83
83
83
82
82
82
82
82
82
82
82
85
85
85
84
84
207
207
208
208
210
210
211
211
211
211
211
211
1289
1289
1289
1289
1288
1288
1288
1288
1288
1288
1291
1291
1291
981
981
981
981
981
868
868
868
148
148
148
576
576
516
516
516
516
516
516
516
143
143
141
141
141
141
164
164
164
164
569
569
569
161
161
161
160
160
149
149
149
150
150
150
1331
1331
847
847
847
1075
1075
1051
1051
1052
1052
1071
1071
1070
1070
33
33
1245
1245
1022
1022
1022
50
50
42
42
42
46
46
47
47
47
1047
1047
1047
1047
1153
1153
1153
1155
1155
1046
1046
890
890
713
713
713
713
713
713
719
719
1261
1261
1204
1204
1203
1203
1203
1024
1024
1025
1025
1023
1023
1023
1023
407
407
405
405
405
404
404
808
808
808
806
806
806
807
807
807
807
807
807
807
807
805
805
805
805
805
805
805
805
408
408
408
804
804
1302
1302
1353
1353
1353
1351
1351
287
287
287
287
287
1354
1354
599
599
599
599
601
601
294
294
294
612
612
611
611
295
295
295
289
289
291
291
291
1017
1017
1017
1017
1017
1017
1017
1017
329
329
329
329
329
329
329
324
324
1327
1327
1327
1327
1327
1327
456
456
456
456
459
459
459
459
461
461
460
460
460
172
172
173
173
173
173
173
174
174
175
175
175
175
168
168
169
169
169
170
170
171
171
171
171
311
311
311
32
32
32
1157
1157
1157
1157
1157
1157
1157
1157
1099
1099
1099
1099
1099
1329
1329
476
476
476
476
250
250
250
250
541
541
540
540
252
252
252
252
252
252
252
254
254
254
1016
1016
613
613
22
22
22
22
21
21
21
21
21
21
21
21
100
100
100
100
25
25
104
104
104
104
104
105
105
106
106
106
34
34
34
34
610
610
895
895
895
895
896
896
896
896
893
893
893
893
894
894
894
894
894
894
889
889
889
889
889
474
474
474
474
891
891
892
892
892
892
892
1092
1092
1092
1087
1087
1090
1090
1089
1089
899
899
899
900
900
900
900
900
900
902
902
998
998
113
113
1080
1080
1361
1361
1362
1362
109
109
1026
1026
1026
1102
1102
1101
1101
1101
1101
1100
1100
1105
1105
1105
1104
1104
1104
1104
221
221
221
221
221
221
221
1385
1385
1387
1387
1228
1228
1389
1389
1229
1229
1282
1282
1068
1068
1068
1068
1161
1161
1231
1231
1231
1231
1231
1231
1231
1231
1013
1013
687
687
1283
1283
1283
686
686
686
1174
1174
1174
1156
1156
1156
650
650
650
649
649
649
649
645
645
644
644
643
643
642
642
440
440
440
683
683
681
681
681
431
431
430
430
429
429
429
688
688
424
424
424
108
108
108
108
108
752
752
752
748
748
749
749
749
749
749
1180
1180
1177
1177
1237
1237
1237
1178
1178
1269
1269
237
237
237
288
288
288
288
288
284
284
284
284
284
285
285
285
285
285
285
285
285
285
285
286
286
286
239
239
239
239
238
238
282
282
283
283
283
369
369
368
368
375
375
375
375
375
475
475
475
475
377
377
377
792
792
1287
1287
1287
1227
1227
1227
131
131
132
132
126
126
127
127
127
127
128
128
129
129
217
217
217
216
216
216
216
215
215
215
215
215
215
483
483
483
483
1284
1284
219
219
135
135
135
135
134
134
134
134
136
136
974
974
974
974
139
139
139
139
139
138
138
138
138
138
138
138
523
523
522
522
522
520
520
520
519
519
519
519
518
518
518
518
589
589
587
587
525
525
525
525
525
525
525
525
525
525
4
4
0
0
0
0
2
2
2
1399
1399
1397
1397
1397
1058
1058
1054
1054
1086
1086
1055
1055
1085
1085
1085
1081
1081
1081
1081
1081
1059
1059
59
59
55
55
58
58
58
57
57
57
57
52
52
51
51
51
54
54
54
54
53
53
53
1050
1050
1050
1050
1193
1193
1048
1048
708
708
707
707
707
710
710
709
709
897
897
711
711
711
711
711
1001
1001
1001
1001
777
777
777
777
1112
1112
1112
1112
1112
1112
1112
537
537
780
780
780
1198
1198
1380
1380
1199
1199
1200
1200
1200
1341
1341
842
842
880
880
878
878
790
790
790
790
791
791
832
832
789
789
1356
1356
598
598
594
594
594
622
622
623
623
623
623
621
621
621
621
341
341
340
340
624
624
624
333
333
333
452
452
452
452
452
452
452
452
452
453
453
449
449
449
449
449
450
450
450
450
450
447
447
447
447
448
448
448
448
448
542
542
542
455
455
455
455
455
183
183
183
183
183
183
183
1266
1266
179
179
178
178
178
178
177
177
177
539
539
1267
1267
185
185
185
185
185
184
184
184
184
184
184
1339
1339
1339
513
513
513
513
513
513
513
513
567
567
560
560
560
564
564
564
564
565
565
565
565
565
241
241
241
241
241
240
240
240
240
244
244
244
244
244
243
243
242
242
242
242
246
246
246
246
230
230
230
230
230
30
30
30
30
30
30
99
99
99
99
99
98
98
98
98
98
98
98
98
26
26
26
26
27
27
28
28
28
28
28
28
28
28
28
93
93
96
96
95
95
95
95
94
94
94
1278
1278
1278
1280
1280
888
888
888
888
887
887
887
887
887
885
885
885
884
884
883
883
796
796
993
993
993
993
101
101
481
481
481
481
480
480
480
480
480
1370
1370
1369
1369
1368
1368
1033
1033
1033
1032
1032
300
300
1297
1297
1035
1035
1035
1035
1034
1034
735
735
606
606
1395
1395
1395
1394
1394
632
632
632
632
632
1173
1173
1173
1062
1062